8 8
0 11.9 3.5 10.6 6.3 10.1 12.5 6.6
11.9 0 12 5.5 11.3 4.3 4.5 8
3.5 12 0 10.7 3 10.1 12.4 7.8
10.6 5.5 10.7 0	10.1 0.4 6.1 9.2
6.3 11.3 3 10.1	0 9.5 11.9 10.9
10.1 4.3 10.1 0.4 9.5 0	5.6 8.6
12.5 4.5 12.4 6.1 11.9 5.6 0 9.2
6.6 8 7.8 9.2 10.9 8.6 9.2 0
